3.311999999999999833e+00 5.762999999999999901e+00
3.333000000000000185e+00 5.554000000000000270e+00
3.337000000000000188e+00 5.291000000000000369e+00
3.379000000000000004e+00 5.323999999999999844e+00
3.561999999999999833e+00 5.658000000000000362e+00
3.311999999999999833e+00 5.386000000000000121e+00
3.258999999999999897e+00 5.562999999999999723e+00
3.302000000000000046e+00 5.419999999999999929e+00
3.464999999999999858e+00 6.052999999999999936e+00
3.504999999999999893e+00 5.884000000000000341e+00
3.241999999999999993e+00 5.714000000000000412e+00
3.201000000000000068e+00 5.437999999999999723e+00
3.198999999999999844e+00 5.439000000000000057e+00
3.156000000000000139e+00 5.479000000000000092e+00
3.113999999999999879e+00 5.482000000000000206e+00
3.333000000000000185e+00 5.350999999999999979e+00
3.383000000000000007e+00 5.118999999999999773e+00
3.513999999999999790e+00 5.527000000000000135e+00
3.466000000000000192e+00 5.205000000000000071e+00
3.048999999999999932e+00 5.225999999999999979e+00
3.129000000000000004e+00 5.658000000000000362e+00
3.168000000000000149e+00 5.519999999999999574e+00
3.507000000000000117e+00 5.618000000000000327e+00
2.935999999999999943e+00 5.099000000000000199e+00
3.245000000000000107e+00 5.788999999999999702e+00
3.420999999999999819e+00 5.833000000000000185e+00
3.025999999999999801e+00 5.394999999999999574e+00
2.955999999999999961e+00 5.394999999999999574e+00
3.221000000000000085e+00 5.541000000000000369e+00
3.064999999999999947e+00 5.516000000000000014e+00
2.975000000000000089e+00 5.453999999999999737e+00
3.370999999999999996e+00 5.756999999999999673e+00
3.185999999999999943e+00 5.716999999999999638e+00
3.149999999999999911e+00 5.584999999999999964e+00
3.327999999999999847e+00 5.711999999999999744e+00
3.484999999999999876e+00 5.708999999999999631e+00
3.463999999999999968e+00 5.825999999999999623e+00
3.682999999999999829e+00 5.831999999999999851e+00
3.287999999999999812e+00 5.655999999999999694e+00
3.298000000000000043e+00 5.397000000000000242e+00
3.156000000000000139e+00 5.347999999999999865e+00
3.157999999999999918e+00 5.350999999999999979e+00
3.201000000000000068e+00 5.137999999999999901e+00
3.395999999999999908e+00 5.876999999999999780e+00
3.462000000000000188e+00 5.578999999999999737e+00
3.154999999999999805e+00 5.376000000000000334e+00
3.392999999999999794e+00 5.700999999999999623e+00
3.376999999999999780e+00 5.570000000000000284e+00
3.290999999999999925e+00 5.544999999999999929e+00
3.258000000000000007e+00 5.677999999999999936e+00
3.271999999999999797e+00 5.584999999999999964e+00
3.434000000000000163e+00 5.674000000000000377e+00
3.112999999999999989e+00 5.714999999999999858e+00
3.198999999999999844e+00 5.503999999999999559e+00
3.112999999999999989e+00 5.740999999999999659e+00
3.212000000000000188e+00 5.701999999999999957e+00
3.376999999999999780e+00 5.387999999999999901e+00
3.411999999999999922e+00 5.384000000000000341e+00
3.419000000000000039e+00 5.661999999999999922e+00
3.032000000000000028e+00 5.158999999999999808e+00
2.850000000000000089e+00 5.008000000000000007e+00
2.879000000000000004e+00 4.902000000000000135e+00
3.041999999999999815e+00 5.075999999999999623e+00
3.069999999999999840e+00 5.394999999999999574e+00
3.025999999999999801e+00 5.261999999999999567e+00
3.119000000000000217e+00 5.139000000000000234e+00
3.189999999999999947e+00 5.629999999999999893e+00
3.157999999999999918e+00 5.608999999999999986e+00
3.153000000000000025e+00 5.568999999999999950e+00
2.882000000000000117e+00 5.411999999999999922e+00
3.560999999999999943e+00 6.190999999999999837e+00
3.483999999999999986e+00 5.998000000000000220e+00
3.593999999999999861e+00 5.977999999999999758e+00
3.930000000000000160e+00 6.153999999999999915e+00
3.486000000000000210e+00 6.017000000000000348e+00
3.438000000000000167e+00 5.926999999999999602e+00
3.403000000000000025e+00 6.064000000000000057e+00
3.814000000000000057e+00 6.578999999999999737e+00
3.638999999999999790e+00 6.445000000000000284e+00
3.565999999999999837e+00 5.849999999999999645e+00
3.467000000000000082e+00 5.875000000000000000e+00
3.857000000000000206e+00 6.006000000000000227e+00
3.863999999999999879e+00 6.285000000000000142e+00
3.771999999999999797e+00 6.384000000000000341e+00
3.801000000000000156e+00 6.365999999999999659e+00
3.650999999999999801e+00 6.173000000000000043e+00
3.763999999999999790e+00 6.083999999999999631e+00
3.669999999999999929e+00 6.549000000000000377e+00
4.033000000000000362e+00 6.573000000000000398e+00
4.032000000000000028e+00 6.450000000000000178e+00
3.785000000000000142e+00 6.581000000000000405e+00
3.795999999999999819e+00 6.171999999999999709e+00
3.693000000000000060e+00 6.272000000000000242e+00
3.859999999999999876e+00 6.036999999999999922e+00
3.484999999999999876e+00 6.666000000000000369e+00
3.463000000000000078e+00 6.139000000000000234e+00
3.810000000000000053e+00 6.341000000000000192e+00
3.552000000000000046e+00 6.448999999999999844e+00
3.512000000000000011e+00 6.270999999999999908e+00
3.684000000000000163e+00 6.219000000000000306e+00
3.524999999999999911e+00 5.717999999999999972e+00
3.693999999999999950e+00 5.889999999999999680e+00
3.891999999999999904e+00 6.113000000000000433e+00
3.681000000000000050e+00 6.368999999999999773e+00
3.754999999999999893e+00 6.248000000000000220e+00
3.786000000000000032e+00 6.036999999999999922e+00
3.806000000000000050e+00 6.152000000000000135e+00
3.572999999999999954e+00 6.033000000000000362e+00
3.762999999999999901e+00 6.674999999999999822e+00
3.673999999999999932e+00 6.152999999999999581e+00
3.769000000000000128e+00 6.107000000000000206e+00
3.790999999999999925e+00 6.302999999999999936e+00
3.902000000000000135e+00 6.182999999999999829e+00
3.737000000000000099e+00 6.259000000000000341e+00
3.991000000000000103e+00 6.562999999999999723e+00
3.718999999999999861e+00 6.416000000000000369e+00
3.896999999999999797e+00 6.051000000000000156e+00
3.814999999999999947e+00 6.245000000000000107e+00
3.769000000000000128e+00 6.227000000000000313e+00
3.857000000000000206e+00 6.493000000000000327e+00
3.962000000000000188e+00 6.315000000000000391e+00
3.563000000000000167e+00 6.059000000000000163e+00
3.387000000000000011e+00 5.761999999999999567e+00
3.770999999999999908e+00 5.980000000000000426e+00
3.581999999999999851e+00 5.363000000000000433e+00
3.869000000000000217e+00 6.110999999999999766e+00
3.593999999999999861e+00 6.285000000000000142e+00
3.686999999999999833e+00 5.979000000000000092e+00
3.773000000000000131e+00 6.512999999999999901e+00
3.689999999999999947e+00 5.791000000000000369e+00
3.754999999999999893e+00 5.979000000000000092e+00
3.825000000000000178e+00 6.144000000000000128e+00
3.267999999999999794e+00 5.884000000000000341e+00
3.395000000000000018e+00 5.844999999999999751e+00
3.407999999999999918e+00 5.775999999999999801e+00
3.464999999999999858e+00 5.477000000000000313e+00
3.573999999999999844e+00 6.144999999999999574e+00
3.230999999999999872e+00 5.919999999999999929e+00
3.286000000000000032e+00 5.831999999999999851e+00
3.471999999999999975e+00 5.871999999999999886e+00
2.994000000000000217e+00 5.472000000000000419e+00
3.072999999999999954e+00 5.541000000000000369e+00
3.073999999999999844e+00 5.389000000000000234e+00
2.967000000000000082e+00 5.224000000000000199e+00
2.777000000000000135e+00 5.314000000000000057e+00
2.686999999999999833e+00 5.278999999999999915e+00
2.718999999999999861e+00 5.176000000000000156e+00
2.967000000000000082e+00 5.267000000000000348e+00
2.911000000000000032e+00 5.386000000000000121e+00
2.648000000000000131e+00 5.317000000000000171e+00
2.839999999999999858e+00 5.262999999999999901e+00
2.775999999999999801e+00 5.405000000000000249e+00
2.833000000000000185e+00 5.408000000000000362e+00
2.693000000000000060e+00 5.219999999999999751e+00
2.754999999999999893e+00 5.174999999999999822e+00
2.674999999999999822e+00 5.250000000000000000e+00
2.849000000000000199e+00 5.052999999999999936e+00
2.745000000000000107e+00 5.394000000000000128e+00
2.677999999999999936e+00 5.443999999999999950e+00
2.694999999999999840e+00 5.304000000000000270e+00
2.879000000000000004e+00 5.450999999999999623e+00
2.810000000000000053e+00 5.349999999999999645e+00
2.846999999999999975e+00 5.267000000000000348e+00
2.967999999999999972e+00 5.333000000000000185e+00
2.794000000000000039e+00 5.011000000000000121e+00
2.940999999999999837e+00 5.105000000000000426e+00
2.896999999999999797e+00 5.318999999999999950e+00
2.837000000000000188e+00 5.416999999999999815e+00
2.668000000000000149e+00 5.176000000000000156e+00
2.714999999999999858e+00 5.089999999999999858e+00
2.701000000000000068e+00 5.325000000000000178e+00
2.845000000000000195e+00 5.166999999999999815e+00
2.762999999999999901e+00 5.088000000000000078e+00
2.762999999999999901e+00 5.136000000000000121e+00
2.641000000000000014e+00 5.277999999999999581e+00
2.821000000000000174e+00 4.980999999999999872e+00
2.709999999999999964e+00 5.185999999999999943e+00
2.641999999999999904e+00 5.144999999999999574e+00
2.758000000000000007e+00 5.179999999999999716e+00
2.892999999999999794e+00 5.357000000000000206e+00
2.774999999999999911e+00 5.089999999999999858e+00
3.016999999999999904e+00 5.235999999999999766e+00
2.908999999999999808e+00 5.240000000000000213e+00
2.850000000000000089e+00 5.107999999999999652e+00
3.025999999999999801e+00 5.495000000000000107e+00
2.682999999999999829e+00 5.363000000000000433e+00
2.716000000000000192e+00 5.413000000000000256e+00
2.674999999999999822e+00 5.088000000000000078e+00
2.821000000000000174e+00 5.089000000000000412e+00
2.786999999999999922e+00 4.899000000000000021e+00
2.717000000000000082e+00 5.046000000000000263e+00
2.803999999999999826e+00 5.091000000000000192e+00
2.952999999999999847e+00 5.131999999999999673e+00
2.629999999999999893e+00 5.179999999999999716e+00
2.975000000000000089e+00 5.235999999999999766e+00
3.125999999999999890e+00 5.160000000000000142e+00
3.053999999999999826e+00 5.224000000000000199e+00
3.128000000000000114e+00 5.320000000000000284e+00
2.911000000000000032e+00 5.410000000000000142e+00
3.154999999999999805e+00 5.073000000000000398e+00
2.988999999999999879e+00 5.219000000000000306e+00
3.134999999999999787e+00 4.983999999999999986e+00
2.810000000000000053e+00 5.009000000000000341e+00
3.091000000000000192e+00 5.182999999999999829e+00
2.959999999999999964e+00 5.203999999999999737e+00
2.980999999999999872e+00 5.136999999999999567e+00
2.794999999999999929e+00 5.139999999999999680e+00
3.232000000000000206e+00 5.235999999999999766e+00
2.835999999999999854e+00 5.174999999999999822e+00
2.974000000000000199e+00 5.243000000000000327e+00
